Final filtered state estimate x_N^+ =
[ 2.10536438e-01 -5.38175910e-01  5.01021798e+02  5.58998493e-03
 -5.81049010e-03 -5.00434110e-01]
Final filtered covariance P_N^+ =
[[1.40426250e+01 0.00000000e+00 0.00000000e+00 9.92956668e-02
  0.00000000e+00 0.00000000e+00]
 [0.00000000e+00 1.40426250e+01 0.00000000e+00 0.00000000e+00
  9.92956668e-02 0.00000000e+00]
 [0.00000000e+00 0.00000000e+00 1.40426250e+01 0.00000000e+00
  0.00000000e+00 9.92956668e-02]
 [9.92956668e-02 0.00000000e+00 0.00000000e+00 1.40923047e-03
  0.00000000e+00 0.00000000e+00]
 [0.00000000e+00 9.92956668e-02 0.00000000e+00 0.00000000e+00
  1.40923047e-03 0.00000000e+00]
 [0.00000000e+00 0.00000000e+00 9.92956668e-02 0.00000000e+00
  0.00000000e+00 1.40923047e-03]]